1111111111111111111111111
1010000000000010000000101
1010111111101010101110101
1010001000101000101000001
1011101010101111101111111
1000001010001000100010001
1111111011111010111010101
1000000010000010001010101
1011111110111111101011101
1000000010100000001000001
1011101010111111111111111
1010001000100010000000001
1010111011101010111111101
1010001000101000100000101
1111111110101111101111101
1000000010101000100000001
1011111010101010111011111
1000101010101010000010001
1110101010101011111110101
1000101000101000000010101
1011101111101111111011101
1010000000001000001000101
1011101110111011101110101
1000000010000010001000001
1111111111111111111111111

