1111111111111111111111111
1000000011000011000000001
1000001100110110110000001
1000011000001000011000001
1000011000000000011000001
1000000010000001100110001
1000001101100110000001101
1000001100011000000110001
1011001111000000000110001
1000001100011000000110001
1000001111011111100110001
1000000000000000000000001
1011100000011000011000001
1000001100111100110011001
1001100001111110000000001
1000000011111111001100001
1000000001111110010000001
1000111100000000011111111
1000110011000000001111111
1000110000110000000111111
1000110001100110000011111
1111110000000000000001111
1000000011111111100000001
1111111000001111111111001
1111111111111111111111111
